correct input  vs labels:

batch0:

[16, 18, 21, 4, 5, 14, 20]  :  [28, 57, 58, 64, 29, 39, 35, 53, 61]
[10, 15, 7, 7, 5, 4]  :  [28, 49, 30, 45, 39]
[18, 5, 3, 8, 1, 18, 7, 5, 1, 2, 12, 5]  :  [58, 48, 29, 28, 38, 30, 58, 29, 49, 35, 29, 37, 35, 51]
batch100:

[8, 5, 20, 20, 18, 9, 3, 11]  :  [28, 46, 41, 29, 61, 58, 47, 50]
[19, 20, 5, 18, 5, 15, 20, 25, 16, 5]  :  [59, 29, 28, 61, 41, 58, 48, 29, 35, 61, 36, 57]
[4, 9, 19, 3, 18, 9, 13, 9, 14, 1, 20, 9, 15, 14]  :  [39, 47, 59, 29, 28, 50, 58, 47, 29, 52, 35, 53, 29, 43, 29, 60, 35, 53]
batch200:

[23, 9, 14, 15, 15, 19, 11, 9]  :  [66, 47, 53, 29, 28, 64, 59, 29, 50, 48]
[4, 5, 19, 13, 1, 18, 1, 9, 19]  :  [28, 39, 41, 68, 52, 42, 43]
[13, 21, 18, 4, 25]  :  [28, 52, 42, 29, 39, 48]
batch300:

[8, 15, 18, 1, 20, 9, 15]  :  [28, 46, 42, 43, 29, 60, 55]
[4, 15, 12, 5, 26, 1, 12]  :  [39, 55, 29, 51, 43, 29, 28, 68, 31, 51]
[19, 1, 21, 3, 5, 18]  :  [28, 59, 33, 59, 42]
batch400:

[19, 5, 19, 19, 9, 15, 14]  :  [28, 59, 41, 60, 35, 53]
[6, 5, 9, 14, 5, 18]  :  [28, 44, 36, 53, 42]
[23, 15, 18, 19, 8, 9, 16, 5, 18]  :  [28, 66, 42, 60, 35, 57, 42]
batch500:

[6, 9, 19, 8, 5, 18, 13, 1, 14]  :  [28, 44, 47, 60, 29, 42, 52, 31, 53]
[25, 15, 21, 18, 5, 5]  :  [67, 33, 29, 28, 58, 48]
[23, 1, 9, 11, 9, 11, 9]  :  [28, 66, 36, 29, 50, 48, 29, 50, 48]
batch600:

[11, 21, 4, 14, 5, 18]  :  [28, 50, 32, 39, 53, 42]
[5, 24, 16, 9, 1, 20, 5]  :  [28, 41, 29, 50, 59, 57, 48, 29, 43, 61]
[15, 13, 5, 14]  :  [28, 55, 29, 52, 35, 53]
batch700:

[8, 9, 3, 11, 12, 9, 14, 7]  :  [28, 46, 47, 50, 29, 51, 47, 54]
[9, 14, 19, 1, 20, 9, 1, 2, 12, 5]  :  [47, 53, 29, 28, 59, 43, 29, 60, 35, 29, 37, 35, 51]
[6, 18, 9, 4, 18, 9, 3, 8]  :  [28, 44, 58, 47, 39, 29, 58, 47, 50]
batch800:

[19, 8, 5, 18, 9, 4, 1, 14]  :  [28, 60, 41, 58, 47, 29, 39, 35, 53]
[21, 16, 23, 1, 18, 4, 19]  :  [28, 32, 57, 66, 42, 39, 68]
[18, 5, 14, 20, 15, 14]  :  [28, 58, 41, 53, 29, 61, 35, 53]
batch900:

[16, 12, 15, 23, 4, 5, 14]  :  [28, 57, 51, 34, 39, 35, 53]
[14, 5, 25, 12, 1, 14, 4]  :  [28, 53, 43, 29, 51, 35, 53, 39]
[7, 1, 9, 14, 6, 21, 12]  :  [28, 45, 43, 53, 29, 44, 35, 51]